int
0
0
0
1079
0
0
1036
1075
0
1573
1610
1091
0
1080
0
1087
0
1027
0
1541
1056
1606
1099
0
1115
1603
1571
1032
1069
1539
1123
1546
1119
1111
1092
1107
1029
1103
1067
1063
1055
1048
1578
1047
3091
0
0
0
1087
0
0
1056
1573
1038
1079
0
0
0
1032
1075
1605
1082
1115
0
1027
1092
1099
1610
1029
1543
1603
1571
1048
1578
1547
1539
1069
1090
1123
1119
1111
1107
1103
1067
1063
1055
1047
3091
0
0
0
1087
0
0
1056
1609
1038
1079
0
0
0
1032
1075
1069
1082
1115
0
1027
1092
1547
1606
1029
1099
1603
1571
1048
1574
1543
1539
1577
1090
1123
1119
1111
1107
1103
1067
1063
1055
1047
3091
0
0
0
1087
0
0
1056
1541
1038
1079
0
0
0
1032
1075
1605
1082
1115
0
1027
1092
1575
1610
1069
1099
1603
1579
1048
1546
1571
1539
1029
1090
1123
1119
1111
1107
1103
1067
1063
1055
1047
3091
0
0
0
0
1091
0
1056
0
1049
1030
1079
0
0
1040
1087
0
1081
1027
1606
1099
1568
1575
0
1609
1115
0
1543
1036
1070
1603
1537
1579
1547
1123
1092
1119
1111
1034
1107
1103
1075
1067
1063
1055
3095
0
0
0
0
0
0
1095
0
1544
0
1609
1030
0
1059
0
0
0
1024
1079
0
1042
1605
0
1091
0
0
1536
0
1087
1070
1099
0
1033
1115
1080
1603
1579
1543
1574
1123
1119
1036
1111
1049
1107
1103
1075
1570
1067
1063
1055
3095
0
0
0
1087
0
0
1056
1609
1038
1079
0
0
0
1032
1075
1029
1082
1115
0
1579
1092
1027
1606
1069
1099
1603
1575
1048
1542
1571
1539
1545
1090
1123
1119
1111
1107
1103
1067
1063
1055
1047
3091
0
0
0
0
0
0
1095
0
1024
0
1609
1030
0
1059
0
0
0
1540
1079
0
1042
1605
0
1091
0
0
1536
0
1087
1578
1099
0
1033
1115
1080
1603
1575
1547
1070
1123
1119
1036
1111
1049
1107
1103
1075
1570
1067
1063
1055
3095
0
0
0
0
1091
0
1056
0
1049
1610
1079
0
0
1040
1087
0
1081
1027
1030
1579
1568
1099
0
1605
1547
0
1115
1036
1070
1603
1537
1575
1543
1123
1092
1119
1111
1034
1107
1103
1075
1067
1063
1055
3095
0
0
0
1087
0
0
1056
1573
1038
1079
0
0
0
1032
1075
1069
1082
1115
0
1607
1092
1027
1546
1029
1099
1611
1603
1048
1578
1571
1539
1541
1090
1123
1119
1111
1107
1103
1067
1063
1055
1047
3091
0
0
0
1087
0
0
1576
1075
1573
1058
1027
0
1607
1080
1099
0
1093
1115
1070
1543
1044
1611
1571
1537
1547
1123
1119
1032
1038
1111
1049
1107
1088
1103
1067
1063
1055
1076
1601
1030
3091
0
0
0
0
0
0
1051
0
1544
0
1037
1574
1079
0
0
0
0
1044
1075
0
1026
1029
0
1091
0
0
1536
0
1087
1606
1099
0
1057
1115
1092
1611
1571
1543
1602
1123
1119
1080
1111
1577
1107
1103
1067
1070
1032
1063
1055
3091
0
0
0
0
1075
0
0
1028
1037
1542
1079
0
1027
0
1044
1607
1081
1099
1058
1575
0
1568
1115
1611
1545
1579
1539
1034
1600
1123
1119
1111
1093
1107
1103
1040
1050
1087
1067
1063
1088
1069
3103
0
0
0
0
0
1091
0
1036
1049
1030
1027
0
1607
0
1099
1092
1601
1575
0
1070
1115
0
1543
1056
1045
1611
1579
1547
1123
1538
1119
1032
1041
1111
1107
1103
1087
1076
1082
1075
1569
1067
1063
3103
0
0
0
0
0
0
0
1095
0
0
0
1044
1569
1038
0
1083
0
0
0
0
0
1091
0
1040
1545
1606
0
1079
0
1111
0
1099
0
1115
1048
1611
1029
1602
1579
1543
1123
1119
1107
1103
1087
1056
1075
1067
1537
1034
1063
1055
0
0
0
1068
0
0
0
0
1025
3622
0
0
0
0
0
0
0
1071
1024
0
1545
1050
0
1075
0
0
0
1568
1091
0
1042
1541
0
1079
0
1099
1044
1115
1611
1606
1575
1539
1037
1123
1028
1119
1111
1107
1602
1103
1087
1067
1080
1057
1063
1055
0
1578
0
0
1092
0
0
0
3081
0
0
0
0
0
0
0
0
0
1025
1070
1536
1039
0
0
0
0
1093
0
0
1570
0
1056
0
1047
1081
0
0
0
0
1042
1089
1048
0
0
0
1603
1077
0
1097
1542
1113
1604
1609
1573
1545
1121
1117
1109
1105
1101
1085
1576
1073
1065
1061
1053
1034
3079
0
0
0
0
0
0
0
0
0
1057
1578
1028
1571
0
0
0
0
1093
0
0
1070
0
1048
0
1035
1081
0
0
0
0
1546
1089
1024
0
0
0
1043
1077
0
1097
1046
1113
1604
1609
1573
1541
1121
1117
1109
1105
1101
1085
1600
1073
1065
1061
1053
1038
3587
0
0
0
1087
0
0
1056
1029
1038
1079
0
0
0
1032
1075
1069
1082
1611
0
1115
1092
1027
1542
1545
1099
1607
1603
1048
1574
1571
1539
1577
1090
1123
1119
1111
1107
1103
1067
1063
1055
1047
3091
0
0
0
0
0
0
1051
0
1044
0
1037
1574
1079
0
0
0
0
1540
1075
0
1610
1029
0
1091
0
0
1536
0
1087
1026
1099
0
1057
1115
1092
1607
1571
1547
1602
1123
1119
1080
1111
1577
1107
1103
1067
1070
1032
1063
1055
3091
0
0
0
1087
0
0
1572
1075
1029
1058
1611
0
1027
1080
1099
0
1093
1547
1070
1115
1044
1607
1571
1537
1543
1123
1119
1032
1038
1111
1049
1107
1088
1103
1067
1063
1055
1076
1601
1578
3091
0
0
0
0
0
0
0
1071
1572
0
1545
1050
0
1075
0
0
0
1568
1091
0
1610
1541
0
1079
0
1099
1044
1115
1607
1042
1579
1539
1037
1123
1028
1119
1111
1107
1602
1103
1087
1067
1080
1057
1063
1055
0
1026
0
0
1092
0
0
0
3081
0
0
0
0
0
0
0
0
0
1057
1070
1028
1571
0
0
0
0
1093
0
0
1574
0
1048
0
1035
1081
0
0
0
0
1046
1089
1608
0
0
0
1043
1077
0
1097
1542
1113
1024
1605
1577
1545
1121
1117
1109
1105
1101
1085
1600
1073
1065
1061
1053
1038
3587
0
0
0
0
0
0
0
0
0
1025
1574
1536
1039
0
0
0
0
1093
0
0
1570
0
1056
0
1047
1081
0
0
0
0
1546
1089
1608
0
0
0
1603
1077
0
1097
1042
1113
1048
1605
1577
1541
1121
1117
1109
1105
1101
1085
1068
1073
1065
1061
1053
1034
3079
0
0
0
0
1075
0
0
1028
1037
1546
1079
0
1611
0
1044
1027
1081
1579
1058
1099
0
1568
1115
1607
1541
1575
1539
1034
1600
1123
1119
1111
1093
1107
1103
1040
1050
1087
1067
1063
1088
1069
3103
0
0
0
0
0
0
0
1095
0
0
0
1044
1569
1610
0
1083
0
0
0
0
0
1091
0
1040
1029
1038
0
1079
0
1111
0
1099
0
1115
1048
1607
1541
1602
1575
1547
1123
1119
1107
1103
1087
1056
1075
1067
1537
1578
1063
1055
0
0
0
1068
0
0
0
0
1025
3082
0
0
0
0
0
1091
0
1036
1049
1030
1611
0
1027
0
1579
1092
1601
1099
0
1070
1547
0
1115
1056
1045
1607
1575
1543
1123
1538
1119
1032
1041
1111
1107
1103
1087
1076
1082
1075
1569
1067
1063
3103
0
0
0
0
0
1091
0
1036
1049
1030
1115
0
1099
1611
1607
1092
1601
1579
1575
1070
1547
1543
1123
1056
1045
1119
1111
1107
1103
1538
1087
1032
1041
1075
1067
1063
1055
1076
1082
1027
3617
0
0
0
1079
0
0
1060
1075
0
1573
1610
1091
0
1080
0
1087
0
1027
0
1541
1036
1606
1099
0
1115
1603
1571
1052
1069
1539
1123
1546
1119
1111
1092
1107
1029
1103
1067
1059
1051
1032
1578
1047
3091
0
0
0
1087
0
0
1036
1573
1062
1079
0
0
0
1052
1075
1605
1082
1115
0
1027
1092
1099
1610
1029
1543
1603
1571
1032
1578
1547
1539
1069
1090
1123
1119
1111
1107
1103
1067
1059
1051
1047
3091
0
0
0
1087
0
0
1036
1609
1062
1079
0
0
0
1052
1075
1069
1082
1115
0
1027
1092
1547
1606
1029
1099
1603
1571
1032
1574
1543
1539
1577
1090
1123
1119
1111
1107
1103
1067
1059
1051
1047
3091
0
0
0
1087
0
0
1036
1541
1062
1079
0
0
0
1052
1075
1605
1082
1115
0
1027
1092
1575
1610
1069
1099
1603
1579
1032
1546
1571
1539
1029
1090
1123
1119
1111
1107
1103
1067
1059
1051
1047
3091
0
0
0
0
1091
0
1036
0
1033
1030
1079
0
0
1040
1087
0
1081
1027
1606
1099
1568
1575
0
1609
1115
0
1543
1060
1070
1603
1537
1579
1547
1123
1092
1119
1111
1054
1107
1103
1075
1067
1059
1051
3095
0
0
0
0
0
0
1095
0
1544
0
1609
1030
0
1039
0
0
0
1024
1079
0
1042
1605
0
1091
0
0
1536
0
1087
1070
1099
0
1053
1115
1080
1603
1579
1543
1574
1123
1119
1060
1111
1033
1107
1103
1075
1570
1067
1059
1051
3095
0
0
0
1087
0
0
1036
1609
1062
1079
0
0
0
1052
1075
1029
1082
1115
0
1579
1092
1027
1606
1069
1099
1603
1575
1032
1542
1571
1539
1545
1090
1123
1119
1111
1107
1103
1067
1059
1051
1047
3091
0
0
0
0
0
0
1095
0
1024
0
1609
1030
0
1039
0
0
0
1540
1079
0
1042
1605
0
1091
0
0
1536
0
1087
1578
1099
0
1053
1115
1080
1603
1575
1547
1070
1123
1119
1060
1111
1033
1107
1103
1075
1570
1067
1059
1051
3095
0
0
0
0
1091
0
1036
0
1033
1610
1079
0
0
1040
1087
0
1081
1027
1030
1579
1568
1099
0
1605
1547
0
1115
1060
1070
1603
1537
1575
1543
1123
1092
1119
1111
1054
1107
1103
1075
1067
1059
1051
3095
0
0
0
1087
0
0
1036
1573
1062
1079
0
0
0
1052
1075
1069
1082
1115
0
1607
1092
1027
1546
1029
1099
1611
1603
1032
1578
1571
1539
1541
1090
1123
1119
1111
1107
1103
1067
1059
1051
1047
3091
0
0
0
1087
0
0
1576
1075
1573
1030
1027
0
1607
1080
1099
0
1093
1115
1070
1543
1044
1611
1571
1537
1547
1123
1119
1052
1038
1111
1033
1107
1088
1103
1067
1059
1051
1076
1601
1062
3091
0
0
0
0
0
0
1035
0
1544
0
1037
1574
1079
0
0
0
0
1044
1075
0
1026
1061
0
1091
0
0
1536
0
1087
1606
1099
0
1029
1115
1092
1611
1571
1543
1602
1123
1119
1080
1111
1577
1107
1103
1067
1070
1052
1059
1051
3091
0
0
0
0
1075
0
0
1028
1061
1542
1079
0
1027
0
1044
1607
1081
1099
1038
1575
0
1568
1115
1611
1545
1579
1539
1054
1600
1123
1119
1111
1093
1107
1103
1040
1034
1087
1067
1059
1088
1069
3099
0
0
0
0
0
1091
0
1060
1033
1030
1027
0
1607
0
1099
1092
1601
1575
0
1070
1115
0
1543
1036
1045
1611
1579
1547
1123
1538
1119
1052
1041
1111
1107
1103
1087
1076
1082
1075
1569
1067
1059
3099
0
0
0
0
0
0
0
1095
0
0
0
1044
1569
1038
0
1083
0
0
0
0
0
1091
0
1040
1545
1606
0
1079
0
1111
0
1099
0
1115
1060
1611
1029
1602
1579
1543
1123
1119
1107
1103
1087
1052
1075
1067
1537
1034
1059
1051
0
0
0
1068
0
0
0
0
1025
3622
0
0
0
0
0
0
0
1071
1024
0
1545
1034
0
1075
0
0
0
1568
1091
0
1042
1541
0
1079
0
1099
1044
1115
1611
1606
1575
1539
1061
1123
1028
1119
1111
1107
1602
1103
1087
1067
1080
1037
1059
1051
0
1578
0
0
1092
0
0
0
3101
0
0
0
0
0
0
0
0
0
1053
1070
1536
1039
0
0
0
0
1093
0
0
1570
0
1060
0
1047
1081
0
0
0
0
1042
1089
1024
0
0
0
1603
1077
0
1097
1542
1113
1604
1609
1573
1545
1121
1117
1109
1105
1101
1085
1576
1073
1065
1057
1049
1034
3079
0
0
0
0
0
0
0
0
0
1037
1578
1028
1571
0
0
0
0
1093
0
0
1070
0
1052
0
1035
1081
0
0
0
0
1546
1089
1024
0
0
0
1043
1077
0
1097
1046
1113
1604
1609
1573
1541
1121
1117
1109
1105
1101
1085
1600
1073
1065
1057
1049
1062
3587
0
0
0
1087
0
0
1036
1029
1062
1079
0
0
0
1052
1075
1069
1082
1611
0
1115
1092
1027
1542
1545
1099
1607
1603
1032
1574
1571
1539
1577
1090
1123
1119
1111
1107
1103
1067
1059
1051
1047
3091
0
0
0
0
0
0
1035
0
1044
0
1037
1574
1079
0
0
0
0
1540
1075
0
1610
1061
0
1091
0
0
1536
0
1087
1026
1099
0
1029
1115
1092
1607
1571
1547
1602
1123
1119
1080
1111
1577
1107
1103
1067
1070
1052
1059
1051
3091
0
0
0
1087
0
0
1572
1075
1061
1030
1611
0
1027
1080
1099
0
1093
1547
1070
1115
1044
1607
1571
1537
1543
1123
1119
1052
1038
1111
1033
1107
1088
1103
1067
1059
1051
1076
1601
1578
3091
0
0
0
0
0
0
0
1071
1572
0
1545
1034
0
1075
0
0
0
1568
1091
0
1610
1541
0
1079
0
1099
1044
1115
1607
1042
1579
1539
1061
1123
1028
1119
1111
1107
1602
1103
1087
1067
1080
1037
1059
1051
0
1026
0
0
1092
0
0
0
3101
0
0
0
0
0
0
0
0
0
1037
1070
1028
1571
0
0
0
0
1093
0
0
1574
0
1052
0
1035
1081
0
0
0
0
1046
1089
1608
0
0
0
1043
1077
0
1097
1542
1113
1024
1605
1577
1545
1121
1117
1109
1105
1101
1085
1600
1073
1065
1057
1049
1062
3587
0
0
0
0
0
0
0
0
0
1053
1574
1536
1039
0
0
0
0
1093
0
0
1570
0
1060
0
1047
1081
0
0
0
0
1546
1089
1608
0
0
0
1603
1077
0
1097
1042
1113
1024
1605
1577
1541
1121
1117
1109
1105
1101
1085
1068
1073
1065
1057
1049
1034
3079
0
0
0
0
1075
0
0
1028
1061
1546
1079
0
1611
0
1044
1027
1081
1579
1038
1099
0
1568
1115
1607
1541
1575
1539
1054
1600
1123
1119
1111
1093
1107
1103
1040
1034
1087
1067
1059
1088
1069
3099
0
0
0
0
0
0
0
1095
0
0
0
1044
1569
1610
0
1083
0
0
0
0
0
1091
0
1040
1029
1038
0
1079
0
1111
0
1099
0
1115
1060
1607
1541
1602
1575
1547
1123
1119
1107
1103
1087
1052
1075
1067
1537
1578
1059
1051
0
0
0
1068
0
0
0
0
1025
3082
0
0
0
0
0
1091
0
1060
1033
1030
1611
0
1027
0
1579
1092
1601
1099
0
1070
1547
0
1115
1036
1045
1607
1575
1543
1123
1538
1119
1052
1041
1111
1107
1103
1087
1076
1082
1075
1569
1067
1059
3099
0
0
0
0
0
1091
0
1060
1033
1030
1115
0
1099
1611
1607
1092
1601
1579
1575
1070
1547
1543
1123
1036
1045
1119
1111
1107
1103
1538
1087
1052
1041
1075
1067
1059
1051
1076
1082
1027
3617
0
0
0
0
0
0
0
0
0
0
0
0
0
0
0
0
0
0
0
0
0
0
0
0
0
0
0
0
0
0
0
0
0
0
0
0
0
0
0
0
0
0
0
0
0
0
0
0
0
0
0
0
0
0
0
0
0
0
0
0
0
0
0
0
0
0
0
0
0
0
0
0
0
0
0
0
0
0
0
0
0
0
0
0
0
0
0
0
0
0
0
0
0
0
0
0
0
0
0
0
0
0
0
0
0
0
0
0
0
0
0
0
0
0
0
0
0
0
0
0
0
0
0
0
0
0
0
0
0
0
0
0
0
0
0
0
0
0
0
0
0
0
0
0
0
0
0
0
0
0
0
0
0
0
0
0
0
0
0
0
0
0
0
0
0
0
0
0
0
0
0
0
0
0
0
0
0
0
0
0
0
0
0
0
0
0
0
0
0
0
0
0
0
0
0
0
0
0
0
0
0
0
0
0
0
0
0
0
0
0
0
0
0
0
0
0
0
0
0
0
0
0
0
0
0
0
0
0
0
0
0
0
0
0
0
0
0
0
0
0
0
0
0
0
0
0
0
0
0
0
0
0
0
0
0
0
0
0
0
0
0
0
0
0
0
0
0
0
0
0
0
0
0
0
0
0
0
0
0
0
0
0
0
0
0
0
0
0
0
0
0
0
0
0
0
0
0
0
0
0
0
0
0
0
0
0
0
0
0
0
0
0
0
0
0
0
0
0
0
0
0
0
0
0
0
0
0
0
0
0
0
0
0
0
0
0
0
0
0
0
0
0
0
0
0
0
0
0
0
0
0
0
0
0
0
0
0
0
0
0
0
0
0
0
0
0
0
0
0
0
0
0
0
0
0
0
0
0
0
0
0
0
0
0
0
0
0
0
0
0
0
0
0
0
0
0
0
0
0
0
0
0
0
0
0
0
0
0
0
0
0
0
0
0
0
0
0
0
0
0
0
0
0
0
0
0
0
0
0
0
0
0
0
0
0
0
0
0
0
0
0
0
0
0
0
0
0
0
0
0
0
0
0
0
0
0
0
0
0
0
0
0
0
0
0
0
0
0
0
0
0
0
0
0
0
0
0
0
0
0
0
0
0
0
0
0
0
0
0
0
0
0
0
0
0
0
0
0
0
0
0
0
0
0
0
0
0
0
0
0
0
0
0
0
0
0
0
0
0
0
0
0
0
0
0
0
0
0
0
0
0
0
0
0
0
0
0
0
0
0
0
0
0
0
0
0
0
0
0
0
0
0
0
0
0
0
0
0
0
0
0
0
0
0
0
0
0
0
0
0
0
0
0
0
0
0
0
0
0
0
0
0
0
0
0
0
0
0
0
0
0
0
0
0
0
0
0
0
0
0
0
0
0
0
0
0
0
0
0
0
0
0
0
0
0
0
0
0
0
0
0
0
0
0
0
0
0
0
0
0
0
0
0
0
0
0
0
0
0
0
0
0
0
0
0
0
0
0
0
0
0
0
0
0
0
0
0
0
0
0
0
0
0
0
0
0
0
0
0
0
0
0
0
0
0
0
0
0
0
0
0
0
0
0
0
0
0
0
0
0
0
0
0
0
0
0
0
0
0
0
0
0
0
0
0
0
0
0
0
0
0
0
0
0
0
0
0
0
0
0
0
0
0
0
0
0
0
0
0
0
0
0
0
0
0
0
0
0
0
0
0
0
0
0
0
0
0
0
0
0
0
0
0
0
0
0
0
0
0
0
0
0
0
0
0
0
0
0
0
0
0
0
0
0
0
0
0
0
0
0
0
0
0
0
0
0
0
0
0
0
0
0
0
0
0
0
0
0
0
0
0
0
0
0
0
0
0
0
0
0
0
0
0
0
0
0
0
0
0
0
0
0
0
0
0
0
0
0
0
0
0
0
0
0
0
0
0
0
0
0
0
0
0
0
0
0
0
0
0
0
0
0
0
0
0
0
0
0
0
0
0
0
0
0
0
0
0
0
0
0
0
0
0
0
0
0
0
0
0
0
0
0
0
0
0
0
0
0
0
0
0
0
0
0
0
0
0
0
0
0
0
0
0
0
0
0
0
0
0
0
0
0
0
0
0
0
0
0
0
0
0
0
0
0
0
0
0
0
0
0
0
0
0
0
0
0
0
0
0
0
0
0
0
0
0
0
0
0
0
0
0
0
0
0
0
0
0
0
0
0
0
0
0
0
0
0
0
0
0
0
0
0
0
0
0
0
0
0
0
0
0
0
0
0
0
0
0
0
0
0
0
0
0
0
0
0
0
0
0
0
0
0
0
0
0
0
0
0
0
0
0
0
0
0
0
0
0
0
0
0
0
0
0
0
0
0
0
0
0
0
0
0
0
0
0
0
0
0
0
0
0
0
0
0
0
0
0
0
0
0
0
0
0
0
0
0
0
0
0
0
0
0
0
0
0
0
0
0
0
0
0
0
0
0
0
0
0
0
0
0
0
0
0
0
0
0
0
0
0
0
0
0
0
0
0
0
0
0
0
0
0
0
0
0
0
0
0
0
0
0
0
0
0
0
0
0
0
0
0
0
0
0
0
0
0
0
0
0
0
0
0
0
0
0
0
0
0
0
0
0
0
0
0
0
0
0
0
0
0
0
0
0
0
0
0
0
0
0
0
0
0
0
0
0
0
0
0
0
0
0
0
0
0
0
0
0
0
0
0
0
0
0
0
0
0
0
0
0
0
0
0
0
0
0
0
0
0
0
0
0
0
0
0
0
0
0
0
0
0
0
0
0
0
0
0
0
0
0
0
0
0
0
0
0
0
0
0
0
0
0
0
0
0
0
0
0
0
0
0
0
0
0
0
0
0
0
0
0
0
0
0
0
0
0
0
0
0
0
0
0
0
0
0
0
0
0
0
0
0
0
0
0
0
0
0
0
0
0
0
0
0
0
0
0
0
0
0
0
0
0
0
0
0
0
0
0
0
0
0
0
0
0
0
0
0
0
0
0
0
0
0
0
0
0
0
0
0
0
0
0
0
0
0
0
0
0
0
0
0
0
0
0
0
0
0
0
0
0
0
0
0
0
0
0
0
0
0
0
0
0
0
0
0
0
0
0
0
0
0
0
